-01 -01 -01 -01
-01 -01 -01 -01
-01 -01 -01 -01
-01 -01 -01 -01
200 001 002 -01
-01 -01 -01 -01
-01 -01 -01 -01
-01 -01 -01 -01
100 001 002 -01
-01 -01 -01 -01
-01 -01 -01 -01
450 001 002 -01
-01 -01 -01 -01
-01 -01 -01 -01
-01 -01 -01 -01
300 001 002 -01
-01 -01 -01 -01
350 013 002 -01
-01 -01 -01 -01
-01 -01 -01 -01
-01 -01 -01 -01
-01 -01 -01 -01
-01 -01 -01 -01
-01 -01 -01 -01
-01 -01 -01 -01
-01 -01 -01 -01
040 002 002 -01
-01 -01 -01 -01
040 002 002 -01
-01 -01 -01 -01
040 002 002 -01
-01 -01 -01 -01
040 002 002 -01
-01 -01 -01 -01
040 002 002 -01
-01 -01 -01 -01
-01 -01 -01 -01
-01 -01 -01 -01
-01 -01 -01 -01
-01 -01 -01 -01
560 002 002 -01
-01 -01 -01 -01
560 002 002 -01
-01 -01 -01 -01
560 002 002 -01
-01 -01 -01 -01
560 002 002 -01
-01 -01 -01 -01
-01 -01 -01 -01
-01 -01 -01 -01
-01 -01 -01 -01
-01 -01 -01 -01
-01 -01 -01 -01
-01 -01 -01 -01
-01 -01 -01 -01
-01 -01 -01 -01
-01 -01 -01 -01
-01 -01 -01 -01
255 000 012 550
-01 -01 -01 -01
-01 -01 -01 -01
320 000 013 550
-01 -01 -01 -01
-01 -01 -01 -01
255 000 012 550
-01 -01 -01 -01
-01 -01 -01 -01
320 000 013 550
-01 -01 -01 -01
-01 -01 -01 -01
255 000 012 550
-01 -01 -01 -01
-01 -01 -01 -01
320 000 013 550
-01 -01 -01 -01
-01 -01 -01 -01
255 000 012 550
-01 -01 -01 -01
-01 -01 -01 -01
320 000 013 550
-01 -01 -01 -01
-01 -01 -01 -01
300 013 002 -01
-01 -01 -01 -01
-01 -01 -01 -01
-01 -01 -01 -01
-01 -01 -01 -01
-01 -01 -01 -01
-01 -01 -01 -01
600 004 012 550
000 004 013 550
600 004 012 460
000 004 013 460
600 004 012 370
000 004 013 370
600 004 012 280
000 004 013 280
600 004 012 190
000 004 013 190
600 004 012 100
000 004 013 100
-01 -01 -01 -01
-01 -01 -01 -01
-01 -01 -01 -01
-01 -01 -01 -01
-01 -01 -01 -01
-01 -01 -01 -01
-01 -01 -01 -01
120 003 010 450
-01 -01 -01 -01
120 003 010 450
540 012 001 -01
000 002 006 -01
000 002 006 -01
000 002 006 -01
000 002 006 -01
000 002 006 -01
000 002 006 -01
000 002 006 -01
000 002 006 -01
-01 -01 -01 -01
320 012 002 -01
-01 -01 -01 -01
-01 -01 -01 -01
-01 -01 -01 -01
-01 -01 -01 -01
-01 -01 -01 -01
-01 -01 -01 -01
320 012 002 -01
-01 -01 -01 -01
320 001 010 400
-01 -01 -01 -01
265 001 010 400
-01 -01 -01 -01
375 001 010 350
-01 -01 -01 -01
210 001 010 350
-01 -01 -01 -01
430 001 010 300
-01 -01 -01 -01
155 001 010 300
-01 -01 -01 -01
320 013 002 -01
-01 -01 -01 -01
-01 -01 -01 -01
-01 -01 -01 -01
-01 -01 -01 -01
-01 -01 -01 -01
-01 -01 -01 -01
-01 -01 -01 -01
400 005 010 200
-01 -01 -01 -01
457 005 010 200
-01 -01 -01 -01
514 005 010 200
-01 -01 -01 -01
000 004 015 100
000 004 015 100
000 004 015 100
000 004 015 100
000 004 015 100
000 004 015 100
000 004 015 100
-01 -01 -01 -01
400 013 002 -01
-01 -01 -01 -01
-01 -01 -01 -01
-01 -01 -01 -01
-01 -01 -01 -01
-01 -01 -01 -01
280 003 010 400
200 003 010 400
360 003 010 400
-01 -01 -01 -01
-01 -01 -01 -01
-01 -01 -01 -01
200 013 002 -01
-01 -01 -01 -01
400 012 002 -01
-01 -01 -01 -01
-01 -01 -01 -01
-01 -01 -01 -01
-01 -01 -01 -01
-01 -01 -01 -01
-01 -01 -01 -01
160 003 002 -01
280 003 002 -01
400 003 002 -01
-01 -01 -01 -01
000 006 010 300
040 006 010 300
080 006 010 300
120 006 010 300
160 006 010 300
200 006 010 300
240 006 010 300
280 006 010 300
320 006 010 300
360 006 010 300
400 006 010 300
440 006 010 300
480 006 010 300
520 006 010 300
560 006 010 300
600 006 010 300
600 006 010 300
560 006 010 300
520 006 010 300
480 006 010 300
440 006 010 300
400 006 010 300
360 006 010 300
320 006 010 300
280 006 010 300
240 006 010 300
200 006 010 300
160 006 010 300
120 006 010 300
080 006 010 300
040 006 010 300
000 006 010 300 
-01 -01 -01 -01
-01 -01 -01 -01
-01 -01 -01 -01
-01 -01 -01 -01
-01 -01 -01 -01
-01 -01 -01 -01
800 007 -01 -01
-01 -01 -01 -01
002 003 -01 -01
-01 -01 -01 -01
-01 -01 -01 -01
-01 -01 -01 -01
-01 -01 -01 -01
-01 -01 -01 -01
-01 -01 -01 -01
-01 -01 -01 -01
001 005 -01 -01
-01 -01 -01 -01
001 006 -01 -01
-01 -01 -01 -01
001 005 -01 -01
-01 -01 -01 -01
001 006 -01 -01
-01 -01 -01 -01
001 005 -01 -01
-01 -01 -01 -01
001 006 -01 -01
-01 -01 -01 -01
000 004 -01 -01
001 007 -01 -01
-01 -01 -01 -01
000 003 -01 -01
-01 -01 -01 -01
-01 -01 -01 -01
-01 -01 -01 -01
-01 -01 -01 -01
000 004 -01 -01
-01 -01 -01 -01
-01 -01 -01 -01
-01 -01 -01 -01
-01 -01 -01 -01
000 003 -01 -01
-01 -01 -01 -01
-01 -01 -01 -01
000 000 -01 -01
001 001 -01 -01
002 005 -01 -01
-01 -01 -01 -01
-01 -01 -01 -01
002 003 -01 -01
001 008 -01 -01
-01 -01 -01 -01
-01 -01 -01 -01
-01 -01 -01 -01
-01 -01 -01 -01
-01 -01 -01 -01
-01 -01 -01 -01
-01 -01 -01 -01
-01 -01 -01 -01
-01 -01 -01 -01
001 007 -01 -01
000 004 -01 -01
-01 -01 -01 -01
-01 -01 -01 -01
000 005 -01 -01
-01 -01 -01 -01
-01 -01 -01 -01
000 006 -01 -01
-01 -01 -01 -01
000 003 -01 -01
-01 -01 -01 -01
-01 -01 -01 -01
000 008 -01 -01
-01 -01 -01 -01
000 007 -01 -01
-01 -01 -01 -01
-01 -01 -01 -01
000 004 -01 -01
-01 -01 -01 -01
-01 -01 -01 -01
000 000 -01 -01
-01 -01 -01 -01
001 001 -01 -01
-01 -01 -01 -01
002 005 -01 -01
-01 -01 -01 -01
001 006 -01 -01
-01 -01 -01 -01
-01 -01 -01 -01
-01 -01 -01 -01
002 004 -01 -01
001 008 -01 -01
-01 -01 -01 -01
-01 -01 -01 -01
-01 -01 -01 -01
-01 -01 -01 -01
-01 -01 -01 -01
-01 -01 -01 -01
-01 -01 -01 -01
-01 -01 -01 -01
-01 -01 -01 -01
-01 -01 -01 -01
801 -01 -01 -01 
-01 -01 -01 -01
-01 -01 -01 -01
-01 -01 -01 -01
-01 -01 -01 -01
999 -01 -01 -01
