-01 -01 -01 -01
-01 -01 -01 -01
-01 -01 -01 -01
-01 -01 -01 -01
-01 -01 -01 -01
-01 -01 -01 -01
500 001 002 -01
-01 -01 -01 -01
-01 -01 -01 -01
-01 -01 -01 -01
-01 -01 -01 -01
320 001 002 -01
-01 -01 -01 -01
-01 -01 -01 -01
-01 -01 -01 -01
-01 -01 -01 -01
140 001 002 -01
-01 -01 -01 -01
-01 -01 -01 -01
-01 -01 -01 -01
-01 -01 -01 -01
-01 -01 -01 -01
-01 -01 -01 -01
-01 -01 -01 -01
-01 -01 -01 -01
-01 -01 -01 -01
000 002 006 -01
000 002 006 -01
000 002 006 -01
000 002 006 -01
000 002 006 -01
000 002 006 -01
000 002 006 -01
-01 -01 -01 -01
-01 -01 -01 -01
300 013 002 -01
-01 -01 -01 -01
-01 -01 -01 -01
-01 -01 -01 -01
-01 -01 -01 -01
-01 -01 -01 -01
-01 -01 -01 -01
-01 -01 -01 -01
-01 -01 -01 -01
-01 -01 -01 -01
-01 -01 -01 -01
-01 -01 -01 -01
050 001 002 -01
050 001 002 -01
050 001 002 -01
050 001 002 -01
050 001 002 -01
-01 -01 -01 -01
-01 -01 -01 -01
-01 -01 -01 -01
-01 -01 -01 -01
-01 -01 -01 -01
535 001 002 -01
535 001 002 -01
535 001 002 -01
535 001 002 -01
535 001 002 -01
-01 -01 -01 -01
-01 -01 -01 -01
250 013 002 -01
-01 -01 -01 -01
350 012 002 -01
-01 -01 -01 -01
-01 -01 -01 -01
-01 -01 -01 -01
-01 -01 -01 -01
-01 -01 -01 -01
320 000 013 400
-01 -01 -01 -01
255 000 012 400
-01 -01 -01 -01
320 000 013 400
-01 -01 -01 -01
255 000 012 400
-01 -01 -01 -01
320 000 013 400
-01 -01 -01 -01
255 000 012 400
-01 -01 -01 -01
320 000 013 400
-01 -01 -01 -01
255 000 012 400
-01 -01 -01 -01
-01 -01 -01 -01
-01 -01 -01 -01
320 013 002 -01
-01 -01 -01 -01
-01 -01 -01 -01
-01 -01 -01 -01
-01 -01 -01 -01
-01 -01 -01 -01
-01 -01 -01 -01
050 003 010 550
-01 -01 -01 -01
050 003 010 494
000 002 015 100
000 002 015 100
000 002 015 100
000 002 015 100
000 002 015 100
000 002 015 100
-01 -01 -01 -01
-01 -01 -01 -01
340 013 002 -01
-01 -01 -01 -01
-01 -01 -01 -01
-01 -01 -01 -01
-01 -01 -01 -01
-01 -01 -01 -01
-01 -01 -01 -01
000 004 013 510
596 004 012 510
000 004 013 420
596 004 012 420
000 004 013 330
596 004 012 330
000 004 013 240
596 004 012 240
000 004 013 150
596 004 012 150
000 004 013 060
596 004 012 060
-01 -01 -01 -01
-01 -01 -01 -01
-01 -01 -01 -01
200 013 002 -01
-01 -01 -01 -01
-01 -01 -01 -01
-01 -01 -01 -01
-01 -01 -01 -01
-01 -01 -01 -01
-01 -01 -01 -01
280 003 010 400
200 003 010 380
360 003 010 380
-01 -01 -01 -01
-01 -01 -01 -01
287 001 010 340
352 001 010 340
287 001 010 340
157 001 010 340
417 001 010 340
-01 -01 -01 -01
265 012 002 -01
-01 -01 -01 -01
450 012 002 -01
-01 -01 -01 -01
-01 -01 -01 -01
-01 -01 -01 -01
-01 -01 -01 -01
320 006 017 500
320 006 017 410
320 006 017 320
320 006 017 230
320 006 017 140
-01 -01 -01 -01
-01 -01 -01 -01
-01 -01 -01 -01
-01 -01 -01 -01
280 006 016 500
280 006 016 410
280 006 016 320
280 006 016 230
280 006 016 140
-01 -01 -01 -01
-01 -01 -01 -01
420 013 002 -01
-01 -01 -01 -01
-01 -01 -01 -01
-01 -01 -01 -01
-01 -01 -01 -01
-01 -01 -01 -01
-01 -01 -01 -01
-01 -01 -01 -01
-01 -01 -01 -01
210 004 015 300
210 004 015 300
260 004 015 210
260 004 015 210
-01 -01 -01 -01
-01 -01 -01 -01
210 004 015 300
210 004 015 300
260 004 015 210
260 004 015 210
-01 -01 -01 -01
-01 -01 -01 -01
210 004 015 300
210 004 015 300
260 004 015 210
260 004 015 210
-01 -01 -01 -01
-01 -01 -01 -01
-01 -01 -01 -01
-01 -01 -01 -01
210 004 015 300
210 004 015 300
260 004 015 210
260 004 015 210
-01 -01 -01 -01
-01 -01 -01 -01
-01 -01 -01 -01
-01 -01 -01 -01
-01 -01 -01 -01
-01 -01 -01 -01
-01 -01 -01 -01
-01 -01 -01 -01
280 003 010 500
225 001 012 500
335 001 013 500
280 003 002 420
225 001 012 500
335 001 013 500
280 003 002 -01
225 001 012 500
335 001 013 500
225 001 012 500
335 001 013 500
-01 -01 -01 -01
-01 -01 -01 -01
-01 -01 -01 -01
-01 -01 -01 -01
-01 -01 -01 -01
-01 -01 -01 -01
-01 -01 -01 -01
-01 -01 -01 -01
370 004 014 300
370 004 014 300
310 004 014 210
310 004 014 210
-01 -01 -01 -01
-01 -01 -01 -01
370 004 014 300
370 004 014 300
310 004 014 210
310 004 014 210
-01 -01 -01 -01
-01 -01 -01 -01
370 004 014 300
370 004 014 300
310 004 014 210
310 004 014 210
-01 -01 -01 -01
-01 -01 -01 -01
-01 -01 -01 -01
-01 -01 -01 -01
240 012 002 -01
-01 -01 -01 -01
-01 -01 -01 -01
-01 -01 -01 -01
-01 -01 -01 -01
-01 -01 -01 -01
-01 -01 -01 -01
533 001 002 -01
521 001 002 -01
555 001 002 -01
-01 -01 -01 -01
-01 -01 -01 -01
-01 -01 -01 -01
-01 -01 -01 -01
107 001 002 -01
075 001 002 -01
139 001 002 -01
-01 -01 -01 -01
-01 -01 -01 -01
-01 -01 -01 -01
-01 -01 -01 -01
320 001 002 -01
288 001 002 -01
352 001 002 -01
-01 -01 -01 -01
-01 -01 -01 -01
-01 -01 -01 -01
-01 -01 -01 -01
-01 -01 -01 -01
-01 -01 -01 -01
-01 -01 -01 -01
000 004 013 510
596 004 012 510
000 004 013 420
596 004 012 420
000 004 013 330
596 004 012 330
000 004 013 240
596 004 012 240
000 004 013 150
596 004 012 150
000 004 013 060
596 004 012 060
-01 -01 -01 -01
-01 -01 -01 -01
400 013 002 -01
-01 -01 -01 -01
-01 -01 -01 -01
-01 -01 -01 -01
-01 -01 -01 -01
-01 -01 -01 -01
-01 -01 -01 -01
280 006 010 400
240 006 010 400
200 006 010 400
160 006 010 400
120 006 010 400
080 006 010 400
-01 -01 -01 -01
-01 -01 -01 -01
-01 -01 -01 -01
320 006 010 400
360 006 010 400
400 006 010 400
440 006 010 400
480 006 010 400
520 006 010 400
-01 -01 -01 -01
-01 -01 -01 -01
-01 -01 -01 -01
-01 -01 -01 -01
-01 -01 -01 -01
-01 -01 -01 -01
-01 -01 -01 -01
-01 -01 -01 -01
800 008 -01 -01
002 003 -01 -01
001 000 -01 -01
-01 -01 -01 -01
-01 -01 -01 -01
-01 -01 -01 -01
001 009 -01 -01
001 007 -01 -01
000 003 -01 -01
-01 -01 -01 -01
-01 -01 -01 -01
-01 -01 -01 -01
000 002 -01 -01
-01 -01 -01 -01
000 004 -01 -01
-01 -01 -01 -01
-01 -01 -01 -01
-01 -01 -01 -01
-01 -01 -01 -01
-01 -01 -01 -01
-01 -01 -01 -01
-01 -01 -01 -01
000 001 -01 -01
-01 -01 -01 -01
000 003 -01 -01
-01 -01 -01 -01
-01 -01 -01 -01
-01 -01 -01 -01
000 000 -01 -01
001 008 -01 -01
002 004 -01 -01
-01 -01 -01 -01
-01 -01 -01 -01
-01 -01 -01 -01
-01 -01 -01 -01
-01 -01 -01 -01
-01 -01 -01 -01
002 005 -01 -01
-01 -01 -01 -01
-01 -01 -01 -01
-01 -01 -01 -01
-01 -01 -01 -01
-01 -01 -01 -01
-01 -01 -01 -01
002 003 -01 -01
001 007 -01 -01
-01 -01 -01 -01
-01 -01 -01 -01
001 012 -01 -01
-01 -01 -01 -01
-01 -01 -01 -01
-01 -01 -01 -01
-01 -01 -01 -01
-01 -01 -01 -01
001 007 -01 -01
-01 -01 -01 -01
-01 -01 -01 -01
-01 -01 -01 -01
801 -01 -01 -01
-01 -01 -01 -01
-01 -01 -01 -01
-01 -01 -01 -01
-01 -01 -01 -01
999 -01 -01 -01


