800 008 -01 -01
002 003 -01 -01
001 000 -01 -01
-01 -01 -01 -01
-01 -01 -01 -01
-01 -01 -01 -01
001 009 -01 -01
001 007 -01 -01
000 003 -01 -01
-01 -01 -01 -01
-01 -01 -01 -01
-01 -01 -01 -01
000 002 -01 -01
-01 -01 -01 -01
000 004 -01 -01
-01 -01 -01 -01
-01 -01 -01 -01
-01 -01 -01 -01
-01 -01 -01 -01
-01 -01 -01 -01
-01 -01 -01 -01
-01 -01 -01 -01
000 001 -01 -01
-01 -01 -01 -01
000 003 -01 -01
-01 -01 -01 -01
-01 -01 -01 -01
-01 -01 -01 -01
000 000 -01 -01
001 008 -01 -01
002 004 -01 -01
-01 -01 -01 -01
-01 -01 -01 -01
-01 -01 -01 -01
-01 -01 -01 -01
-01 -01 -01 -01
-01 -01 -01 -01
002 005 -01 -01
-01 -01 -01 -01
-01 -01 -01 -01
-01 -01 -01 -01
-01 -01 -01 -01
-01 -01 -01 -01
-01 -01 -01 -01
002 003 -01 -01
001 007 -01 -01
-01 -01 -01 -01
-01 -01 -01 -01
001 012 -01 -01
-01 -01 -01 -01
-01 -01 -01 -01
-01 -01 -01 -01
-01 -01 -01 -01
-01 -01 -01 -01
001 007 -01 -01
-01 -01 -01 -01
-01 -01 -01 -01
-01 -01 -01 -01
801 -01 -01 -01
-01 -01 -01 -01
-01 -01 -01 -01
-01 -01 -01 -01
-01 -01 -01 -01
999 -01 -01 -01
